ac 

3736

===================

5747
1643
10119
21160
12635
5402
8408
8934
16008
9246
7391
1854
6699
5211
21141
2387
5766
23024
7798
6810
13511
11335
16900
8953

===================
gd

1300
1660

===================
nr

1775
933
934
557
637
702
1741
1804
1865
1929
7171
1484
863
732
235
4014
1135
3806
99

===================
ph

6028
1084
1292

===================
rn

6361
5852
5825
4882
4376
6764
9836
4022
2215
7672
14864
5397
3371
5578
5589
7212
5789
4060
7014
4837
4248
3051
4566
4000
4129
6956
4268
5494
4263
5993
2493
4541
4237
2063
10503
8397
6178
4459
4697
6714
3650
16935
15294
4182
6101
6959
4347
4346
4350
4358
10495
7554
4725
4305
4035
3511
3040
4104
6118
10713
1407
785
11067
11338
11005
4562
3977
3898
4340
4009
5167
5211
4122
6984
13221
13222
5097
7498
10515
11148
11239
8825
5704
5065
8679
8680
10588
10589
7478
7479
9084
9085
9975
9757
9260
9894
5985
3796
4067
6376
6744
2675
9422
5076
5717
4660
2346
10662
8483
8484
6802
5801
5444
4643
5764
4646
4170
5823
7007
4748
5805
4418
5840
8168
4601
3871
4373
6070
10866
5770
4094
5574
4621
2725
5148
10536
6799
4164
3778
3528
6543
7820
5932
4601
3714
4501
5199
4988
12250
3708
3152
5241
4435
5827
7040
6527
3958
5140
6612
7561
18237

===================
sc

11617

===================
sn

1878
3709

===================
sw

3568
2684
6121

===================
sy

1215
289
536

===================
ti

1376
11320
3414
9076

===================
tw

1698
4382
1435
3989

===================
wb

8501

===================
